-1.00 163.73 25.99 0.99 -0.03 1.00 177.00 0.06 0.85 181.54 25.54 0.99 0.02 1.01 199.00 0.06 0.82 204.03 25.03 0.99 0.04 1.01 209.00 0.07 0.80 277.68 23.70 0.99 -0.10 1.00 215.00 0.08 0.74 291.94 23.48 0.99 -0.05 1.01 223.00 0.08 0.72 318.07 23.11 0.99 -0.01 1.01 226.00 0.09 0.70 341.50 22.80 0.99 -0.11 1.00 225.00 0.09 0.68 359.29 22.58 0.99 -0.05 1.01 228.00 0.10 0.67 384.38 22.28 0.99 -0.00 1.01 229.00 0.10 0.65 390.70 22.21 0.99 -0.11 1.00 230.00 0.10 0.64 404.52 22.06 0.99 -0.02 1.01 230.00 0.10 0.63 425.70 21.84 0.98 0.03 1.01 230.00 0.11 0.62
-1.00 175.65 25.68 0.99 0.30 1.01 164.00 0.05 0.84 198.98 25.14 0.99 0.43 1.01 181.00 0.05 0.81 223.18 24.64 0.99 0.49 1.01 188.00 0.06 0.79 306.22 23.27 0.99 0.52 1.01 195.00 0.07 0.71 320.66 23.07 0.99 0.65 1.01 219.00 0.07 0.70 349.66 22.69 0.99 0.74 1.01 220.00 0.07 0.68 375.73 22.38 0.99 0.64 1.01 219.00 0.08 0.65 401.69 22.09 0.98 0.80 1.01 220.00 0.08 0.64 436.62 21.73 0.98 0.90 1.02 221.00 0.08 0.62 434.22 21.75 0.98 0.77 1.01 221.00 0.08 0.61 467.50 21.43 0.98 0.92 1.02 221.00 0.09 0.60 503.72 21.11 0.98 1.02 1.02 221.00 0.09 0.58
-1.00 100.42 28.11 0.99 0.46 1.02 131.00 0.05 0.91 138.60 26.71 0.98 0.61 1.02 143.00 0.05 0.88 166.94 25.91 0.98 0.70 1.03 151.00 0.06 0.85 267.10 23.86 0.98 0.88 1.03 158.00 0.08 0.77 320.95 23.07 0.97 0.97 1.04 173.00 0.09 0.72 372.77 22.42 0.97 0.98 1.05 179.00 0.10 0.68 419.06 21.91 0.96 1.13 1.05 181.00 0.11 0.64 489.23 21.24 0.96 1.14 1.05 180.00 0.12 0.60 556.09 20.68 0.96 1.07 1.06 180.00 0.13 0.56 559.97 20.65 0.96 1.18 1.06 183.00 0.13 0.55 641.57 20.06 0.95 1.07 1.06 181.00 0.14 0.52 724.62 19.53 0.95 0.94 1.07 181.00 0.15 0.48
-1.00 478.55 21.33 0.94 1.60 1.08 215.00 0.15 0.83 563.58 20.62 0.92 2.28 1.11 222.00 0.16 0.80 647.63 20.02 0.91 2.69 1.12 237.00 0.18 0.77 919.77 18.49 0.89 3.00 1.13 239.00 0.22 0.69 1011.22 18.08 0.88 3.92 1.17 241.00 0.23 0.66 1127.30 17.61 0.86 4.54 1.20 241.00 0.25 0.64 1233.85 17.22 0.86 4.06 1.18 242.00 0.26 0.61 1339.26 16.86 0.84 5.18 1.22 242.00 0.27 0.59 1469.67 16.46 0.82 5.99 1.26 243.00 0.29 0.56 1501.56 16.37 0.84 4.99 1.22 242.00 0.29 0.56 1606.40 16.07 0.81 6.27 1.27 243.00 0.31 0.54 1752.46 15.69 0.79 7.16 1.31 243.00 0.32 0.52
-1.00 407.23 22.03 0.96 0.80 1.05 182.00 0.12 0.83 489.92 21.23 0.95 1.25 1.07 203.00 0.13 0.79 565.41 20.61 0.94 1.52 1.08 206.00 0.14 0.76 846.89 18.85 0.93 1.68 1.08 220.00 0.18 0.66 939.28 18.40 0.91 2.36 1.11 221.00 0.19 0.62 1056.61 17.89 0.90 2.85 1.13 228.00 0.21 0.58 1160.23 17.49 0.91 2.41 1.11 228.00 0.22 0.55 1265.37 17.11 0.89 3.21 1.14 233.00 0.23 0.52 1394.97 16.69 0.88 3.78 1.16 233.00 0.25 0.48 1424.93 16.59 0.88 3.11 1.14 233.00 0.25 0.47 1526.94 16.29 0.87 4.04 1.17 234.00 0.26 0.44 1657.18 15.94 0.85 4.66 1.20 236.00 0.28 0.41
-1.00 284.13 23.60 0.98 0.60 1.02 159.00 0.09 0.75 308.56 23.24 0.98 0.77 1.03 170.00 0.09 0.71 343.52 22.77 0.98 0.85 1.03 170.00 0.10 0.67 474.43 21.37 0.97 0.99 1.03 181.00 0.12 0.56 479.67 21.32 0.97 1.18 1.03 187.00 0.12 0.55 515.61 21.01 0.97 1.28 1.04 207.00 0.13 0.51 559.53 20.65 0.97 1.17 1.03 193.00 0.13 0.48 566.08 20.60 0.96 1.34 1.04 213.00 0.13 0.46 597.74 20.37 0.96 1.44 1.04 216.00 0.14 0.44 614.89 20.24 0.96 1.31 1.04 209.00 0.14 0.42 624.21 20.18 0.96 1.48 1.04 218.00 0.14 0.42 653.85 19.98 0.96 1.59 1.05 221.00 0.15 0.40
-1.00 227.60 24.56 0.97 1.05 1.04 164.00 0.07 0.92 333.75 22.90 0.96 1.65 1.06 206.00 0.09 0.88 413.30 21.97 0.95 2.02 1.07 207.00 0.10 0.85 654.72 19.97 0.94 2.47 1.09 212.00 0.14 0.76 842.32 18.88 0.92 3.57 1.13 215.00 0.16 0.69 1019.45 18.05 0.90 4.30 1.15 217.00 0.18 0.62 1050.08 17.92 0.91 3.81 1.14 221.00 0.19 0.61 1263.30 17.12 0.88 5.05 1.18 221.00 0.21 0.53 1469.15 16.46 0.86 5.85 1.21 228.00 0.23 0.47 1388.34 16.71 0.88 4.92 1.18 222.00 0.22 0.49 1603.40 16.08 0.85 6.24 1.23 229.00 0.25 0.43 1819.47 15.53 0.84 7.05 1.26 229.00 0.27 0.37
-1.00 138.76 26.71 0.98 0.25 1.02 161.00 0.07 0.84 160.35 26.08 0.98 0.34 1.02 158.00 0.07 0.82 183.39 25.50 0.98 0.39 1.03 159.00 0.08 0.79 283.13 23.61 0.97 0.45 1.03 193.00 0.10 0.71 308.61 23.24 0.97 0.62 1.04 191.00 0.10 0.68 346.05 22.74 0.96 0.74 1.05 197.00 0.11 0.66 401.09 22.10 0.96 0.73 1.05 197.00 0.12 0.62 438.29 21.71 0.95 0.98 1.06 202.00 0.13 0.60 487.33 21.25 0.95 1.15 1.07 202.00 0.13 0.57 522.85 20.95 0.95 1.23 1.07 202.00 0.14 0.56 576.99 20.52 0.94 1.55 1.08 203.00 0.15 0.54 631.35 20.13 0.93 1.73 1.09 203.00 0.15 0.52
-1.00 43.04 31.79 1.00 0.15 1.00 119.00 0.02 0.92 52.96 30.89 1.00 0.19 1.00 130.00 0.03 0.90 61.20 30.26 1.00 0.21 1.00 132.00 0.03 0.89 90.32 28.57 1.00 0.24 1.00 138.00 0.04 0.85 103.58 27.98 0.99 0.29 1.01 163.00 0.04 0.83 117.54 27.43 0.99 0.33 1.01 185.00 0.04 0.82 126.69 27.10 0.99 0.31 1.01 184.00 0.04 0.80 142.23 26.60 0.99 0.36 1.01 193.00 0.05 0.79 158.67 26.13 0.99 0.39 1.01 195.00 0.05 0.78 156.53 26.18 0.99 0.35 1.01 199.00 0.05 0.77 172.96 25.75 0.99 0.38 1.01 199.00 0.05 0.76 192.20 25.29 0.99 0.40 1.01 200.00 0.05 0.75
-1.00 257.12 24.03 0.98 0.16 1.01 166.00 0.08 0.82 299.43 23.37 0.98 0.28 1.02 168.00 0.09 0.78 339.65 22.82 0.98 0.35 1.02 172.00 0.09 0.75 482.76 21.29 0.98 0.11 1.02 195.00 0.12 0.66 523.57 20.94 0.97 0.27 1.02 195.00 0.12 0.63 581.28 20.49 0.97 0.39 1.03 195.00 0.13 0.60 632.70 20.12 0.97 0.12 1.02 196.00 0.14 0.57 677.70 19.82 0.96 0.28 1.03 203.00 0.14 0.54 737.18 19.46 0.96 0.41 1.03 205.00 0.15 0.51 755.49 19.35 0.96 0.12 1.03 200.00 0.15 0.51 789.84 19.16 0.96 0.29 1.03 205.00 0.16 0.49 850.36 18.83 0.96 0.43 1.04 206.00 0.16 0.47
1.00 122.99 27.23 0.98 0.56 1.03 139.00 0.07 0.81 149.33 26.39 0.98 0.71 1.03 144.00 0.08 0.76 171.19 25.80 0.97 0.80 1.04 148.00 0.09 0.71 233.93 24.44 0.97 0.93 1.04 175.00 0.11 0.60 254.84 24.07 0.96 1.07 1.05 202.00 0.12 0.56 280.93 23.64 0.96 1.12 1.05 202.00 0.13 0.52 304.85 23.29 0.96 1.12 1.05 210.00 0.13 0.47 325.38 23.01 0.96 1.23 1.06 206.00 0.14 0.45 353.73 22.64 0.95 1.27 1.06 205.00 0.15 0.41 359.90 22.57 0.96 1.25 1.06 210.00 0.15 0.39 380.33 22.33 0.95 1.34 1.06 201.00 0.15 0.38 409.26 22.01 0.95 1.37 1.07 202.00 0.16 0.36
1.00 88.68 28.65 0.99 0.29 1.01 108.00 0.02 0.95 120.08 27.34 0.99 0.29 1.01 111.00 0.03 0.93 144.08 26.54 0.99 0.28 1.01 118.00 0.03 0.91 300.31 23.36 0.99 0.31 1.01 145.00 0.05 0.82 282.57 23.62 0.99 0.21 1.02 145.00 0.05 0.82 315.86 23.14 0.99 0.10 1.01 150.00 0.06 0.79 370.92 22.44 0.99 -0.12 1.01 163.00 0.06 0.76 377.29 22.36 0.99 -0.32 1.01 162.00 0.06 0.74 407.00 22.03 0.99 -0.44 1.01 168.00 0.07 0.72 416.34 21.94 0.99 -0.46 1.01 169.00 0.07 0.71 455.59 21.55 0.99 -0.66 1.01 166.00 0.07 0.68 484.35 21.28 0.99 -0.74 1.01 165.00 0.08 0.66
1.00 55.81 30.66 0.99 0.30 1.01 177.00 0.03 0.95 80.91 29.05 0.99 0.45 1.02 183.00 0.04 0.93 101.96 28.05 0.99 0.57 1.02 183.00 0.05 0.92 175.58 25.69 0.98 0.99 1.03 199.00 0.07 0.86 255.17 24.06 0.97 1.32 1.04 208.00 0.09 0.80 323.83 23.03 0.97 1.52 1.05 213.00 0.10 0.75 362.80 22.53 0.96 1.77 1.05 217.00 0.11 0.72 495.02 21.18 0.96 2.13 1.06 216.00 0.13 0.63 586.99 20.44 0.95 2.30 1.07 217.00 0.14 0.57 599.11 20.36 0.95 2.25 1.07 223.00 0.14 0.56 691.81 19.73 0.95 2.54 1.07 223.00 0.15 0.51 761.71 19.31 0.94 2.69 1.08 223.00 0.16 0.47
1.00 44.96 31.60 0.99 0.16 1.01 86.00 0.03 0.93 63.30 30.12 0.99 0.25 1.02 99.00 0.04 0.90 78.60 29.18 0.99 0.31 1.02 107.00 0.05 0.88 126.94 27.09 0.98 0.42 1.02 117.00 0.06 0.81 171.20 25.80 0.98 0.65 1.03 135.00 0.08 0.74 211.06 24.89 0.97 0.81 1.04 140.00 0.09 0.69 218.62 24.73 0.98 0.71 1.04 143.00 0.09 0.68 279.54 23.67 0.97 0.97 1.05 147.00 0.10 0.61 334.97 22.88 0.96 1.15 1.05 149.00 0.11 0.55 308.59 23.24 0.97 0.94 1.05 151.00 0.11 0.57 377.35 22.36 0.96 1.21 1.06 153.00 0.12 0.51 441.38 21.68 0.95 1.40 1.07 158.00 0.13 0.46
1.00 101.68 28.06 0.98 0.58 1.03 165.00 0.06 0.92 131.92 26.93 0.97 0.74 1.04 173.00 0.07 0.90 156.15 26.20 0.97 0.85 1.05 179.00 0.08 0.88 248.91 24.17 0.96 1.07 1.06 182.00 0.11 0.81 302.64 23.32 0.94 1.39 1.08 201.00 0.12 0.77 360.04 22.57 0.94 1.61 1.09 212.00 0.14 0.73 390.22 22.22 0.93 1.61 1.09 206.00 0.14 0.71 463.82 21.47 0.92 2.07 1.12 223.00 0.16 0.67 545.84 20.76 0.91 2.38 1.14 226.00 0.18 0.63 525.95 20.92 0.91 2.11 1.12 215.00 0.17 0.63 622.87 20.19 0.89 2.70 1.16 226.00 0.19 0.59 727.67 19.51 0.88 3.14 1.18 228.00 0.21 0.56
