-1.00 163.73 25.99 0.99 -0.03 1.00 177.00 0.06 0.85 181.54 25.54 0.99 0.02 1.01 199.00 0.06 0.82 204.03 25.03 0.99 0.04 1.01 209.00 0.07 0.80
-1.00 175.65 25.68 0.99 0.30 1.01 164.00 0.05 0.84 198.98 25.14 0.99 0.43 1.01 181.00 0.05 0.81 223.18 24.64 0.99 0.49 1.01 188.00 0.06 0.79
-1.00 100.42 28.11 0.99 0.46 1.02 131.00 0.05 0.91 138.60 26.71 0.98 0.61 1.02 143.00 0.05 0.88 166.94 25.91 0.98 0.70 1.03 151.00 0.06 0.85
-1.00 478.55 21.33 0.94 1.60 1.08 215.00 0.15 0.83 563.58 20.62 0.92 2.28 1.11 222.00 0.16 0.80 647.63 20.02 0.91 2.69 1.12 237.00 0.18 0.77
-1.00 407.23 22.03 0.96 0.80 1.05 182.00 0.12 0.83 489.92 21.23 0.95 1.25 1.07 203.00 0.13 0.79 565.41 20.61 0.94 1.52 1.08 206.00 0.14 0.76
-1.00 284.13 23.60 0.98 0.60 1.02 159.00 0.09 0.75 308.56 23.24 0.98 0.77 1.03 170.00 0.09 0.71 343.52 22.77 0.98 0.85 1.03 170.00 0.10 0.67
-1.00 227.60 24.56 0.97 1.05 1.04 164.00 0.07 0.92 333.75 22.90 0.96 1.65 1.06 206.00 0.09 0.88 413.30 21.97 0.95 2.02 1.07 207.00 0.10 0.85
-1.00 138.76 26.71 0.98 0.25 1.02 161.00 0.07 0.84 160.35 26.08 0.98 0.34 1.02 158.00 0.07 0.82 183.39 25.50 0.98 0.39 1.03 159.00 0.08 0.79
-1.00 43.04 31.79 1.00 0.15 1.00 119.00 0.02 0.92 52.96 30.89 1.00 0.19 1.00 130.00 0.03 0.90 61.20 30.26 1.00 0.21 1.00 132.00 0.03 0.89
-1.00 257.12 24.03 0.98 0.16 1.01 166.00 0.08 0.82 299.43 23.37 0.98 0.28 1.02 168.00 0.09 0.78 339.65 22.82 0.98 0.35 1.02 172.00 0.09 0.75
1.00 122.99 27.23 0.98 0.56 1.03 139.00 0.07 0.81 149.33 26.39 0.98 0.71 1.03 144.00 0.08 0.76 171.19 25.80 0.97 0.80 1.04 148.00 0.09 0.71
1.00 88.68 28.65 0.99 0.29 1.01 108.00 0.02 0.95 120.08 27.34 0.99 0.29 1.01 111.00 0.03 0.93 144.08 26.54 0.99 0.28 1.01 118.00 0.03 0.91
1.00 55.81 30.66 0.99 0.30 1.01 177.00 0.03 0.95 80.91 29.05 0.99 0.45 1.02 183.00 0.04 0.93 101.96 28.05 0.99 0.57 1.02 183.00 0.05 0.92
1.00 44.96 31.60 0.99 0.16 1.01 86.00 0.03 0.93 63.30 30.12 0.99 0.25 1.02 99.00 0.04 0.90 78.60 29.18 0.99 0.31 1.02 107.00 0.05 0.88
1.00 101.68 28.06 0.98 0.58 1.03 165.00 0.06 0.92 131.92 26.93 0.97 0.74 1.04 173.00 0.07 0.90 156.15 26.20 0.97 0.85 1.05 179.00 0.08 0.88
